14
³. - 1.220011.1.24.;ζ1ἰ35 0011.1.34.- Ι154 0011.Γ

24, 54. 2534010. ·- 34, 10 0011. 1. 21. - v. 15 0011. 1.
. 16. - v. 24 0011. 17, 11. 14 etc. - 1. 29 coll. 1,28. -.
36,390011.1.35.-38,13001111.-1. 15 0011116.-
’ 39,1300111.15.- 1.17 0011. 1.14.- 123 0011. 1.
3. - 1.18 0011.1.15.-, 41, 4. 7. 20 0011. 128. - v.7
. 0011623.- 1. 19 0011. 128.- 1.20 0011. 114- 1.
‘ 1100111113..- 1124 00111. 722. ·- 1.50 0011. 1.
27. - 42,2 0011. 43,2. 44, 25. - 42, 27 00111135.-
1. 33 0011.1.19..- 43, 85 0011. 1. 4. 42, 13. 20. 30. -

. 1. 160011. 1. 29.“-’-.1. 26 0011. 42, 6. 48,12 010- 44,

29 0011 42, 301- 130111 13, 0. - 47, 1311111.
ι Ε11011.2,110011.1.23.- 1.170011.1.16.19.-
1220011. 1 2.- 3,80011. 6, 8,- 4, 10011.3,13.-8,

3 (11111117) 0011. 7, 11.-1.7(11)00111.9 (13)- 1.12

(16) 0011.1.1 (5). 13 (17). ·- 1. 10 0011. 1. 23. 24. ...-
1. 24 (28) 0011. 1. 4. (8)-9, 8 0011. 7,10. 20.- 1. 9

“ 0011. 1. 22. 8, 13 (LXX 17). -’ 1. 28 0011. 1. 24. ’- 11
29 0011. 1. 33. 34.-· 10,4 0011.9,18.,- 1. 12 0011. 1.,

y, 15.‚- 1. 23 0011. 1. 22. ·- 11,2 0011. 3, 22.·- 1. 3.

0011. 12, 36. - 1. 9.100011. 7, 3. - 12, 10 0011. 1. ’16,-1
1. 39 0011. Gen. 45, 21. - 14, 8 0011. 1. 5. - 1. 20 0011.·
1.19. - 1. 26 0011.1,28.- 17, 9 0011. 18, 21.25.- 1.16
0011. 1. 9. -- 18, 8. 9 0011. 1. 10. -- 19,8 0011. 1. 5. -ι
1. 10 0011. 1. 21. - 20, 10 0011. 11001514. 1. 12 0011.

’“ 3, 3. Deut. 1, 333311. 5, 10.-01, 10 (Hx 17)
, 00111100124, 7. - 1. 36 0011. 1. 29. ·- 22,13 (LXX

14) 0011. 1. 9 (10). - 1. 29 (30) 0011. 1. 8. 9 (LXX 9.
10). - 23, 8 0011. Deut. 16, 19. - 1. 31 0011. Gen. 15,
’ 18. Deut. 1, 7. - 25, 4 0011. 26, 1. 31. 36 010. 1. 9 0011.
1. 40. - 1. 28 0011. 1. 17. 29. - 1. 350011. 1.. 34. ..
29, 10 poll. v. 11. Lev. 4, 4. etc. ..- 1. 38 0011. 1. 1.
1311110. 0313 011. 3113111. 0111110. 10,
22 eto. ·- v. 15 0011. 31, 18. - 33, 8 00111. 7. - 34,
t1 001). 24,12..- 1. 7 0011. 1. 6² ··· ,1.130011, 110017,

 

